-27.780064674176643 -27.77842223104872 -25.384296430539383
-27.81081341347042 -72.04659071999998 -60.0
-26.73326818958013 -27.30641840628907 -62.52
-27.9900901040557 -27.882851668482203 -60.0
-25.68153098703111 -25.434675436700093 -24.3877999640094
-25.48655437434528 -78.36646907164416 -63.84048
-75.1209918138058 -25.773438965321724 -78.07454523725784
-25.998991182474114 -25.43637624380389 -78.0535748859189
-24.184668948000464 -77.11885666908248 -73.54185552557881
-76.93024747369417 -23.999999999703554 -64.5108
-77.08991050638927 -77.20691254860677 -77.72045035149323
-39.958703275267666 -77.10283775329972 -68.079516288
-10.296 -11.8272 -11.6976
-12.047999999999998 -9.24 -65.54441704243199
0.0 -11.832 -10.223999999999998
-11.088 -11.759999999999998 -9.456
-8.4 -9.36 -63.52799999999999
-6.0 -8.4 -66.04730219628625
0.0 0.0 -7.8
-8.52 -8.4 -5.4
-19.324341791343638 -7.56 -4.8
0.0 0.0 -4.8
0.0 0.0 0.0
0.0 -7.56 -4.8
0.0 0.0 -66.15397824
0.0 0.0 -66.36925148847396
0.0 0.0 0.0
0.0 0.0 0.0
0.0 0.0 0.0
0.0 0.0 0.0
0.0 0.0 0.0
0.0 0.0 0.0
0.0 0.0 0.0
0.0 0.0 0.0
0.0 0.0 0.0
0.0 0.0 0.0
0.0 0.0 0.0
0.0 0.0 0.0
0.0 0.0 0.0
0.0 0.0 0.0
0.0 0.0 0.0
0.0 0.0 0.0
0.0 0.0 0.0
0.0 0.0 0.0
0.0 0.0 0.0
0.0 0.0 0.0
0.0 0.0 0.0
0.0 0.0 0.0
0.0 0.0 0.0
0.0 0.0 0.0
0.0 0.0 0.0
0.0 0.0 0.0
0.0 0.0 0.0
0.0 0.0 0.0
0.0 0.0 0.0
0.0 0.0 0.0
0.0 -8.4 -5.4
0.0 0.0 -6.6
0.0 0.0 0.0
0.0 -8.4 -65.83170672678911
0.0 0.0 0.0
0.0 0.0 0.0
0.0 0.0 0.0
0.0 0.0 -66.24112090819293
0.0 0.0 0.0
0.0 0.0 0.0
0.0 0.0 0.0
0.0 0.0 0.0
-77.23718378563552 -36.755042339742396 -65.48384260607999
-76.87070350561885 -77.154764940402 -37.10270704783728
-76.74467456603489 -24.00245397527754 -90.40427106990948
-38.54022690163559 -24.001575800350142 -68.24178084066831
0.0 0.0 -66.69068478279844
0.0 0.0 0.0
0.0 0.0 0.0
0.0 0.0 -3.0
0.0 0.0 0.0
0.0 0.0 0.0
0.0 0.0 0.0
0.0 0.0 -2.4
0.0 0.0 0.0
0.0 0.0 0.0
0.0 0.0 0.0
0.0 0.0 -1.7999999999999998
0.0 0.0 0.0
0.0 0.0 0.0
0.0 0.0 0.0
0.0 0.0 -63.876192
0.0 0.0 0.0
0.0 0.0 0.0
0.0 0.0 0.0
0.0 0.0 0.0
0.0 0.0 0.0
0.0 0.0 0.0
0.0 0.0 0.0
0.0 0.0 0.0
